-- the good log, up to first loop

0 [1,0,0,0,0,0] Inst ADDI 2 16 2
17 [1,0,17,0,0,0] Inst ADDI 4 2 4
18 [1,0,18,0,2,0] Inst MULR 4 4 4
19 [1,0,19,0,4,0] Inst MULR 2 4 4
20 [1,0,20,0,76,0] Inst MULI 4 11 4
21 [1,0,21,0,836,0] Inst ADDI 5 1 5
22 [1,0,22,0,836,1] Inst MULR 5 2 5
23 [1,0,23,0,836,22] Inst ADDI 5 17 5
24 [1,0,24,0,836,39] Inst ADDR 4 5 4
25 [1,0,25,0,875,39] Inst ADDR 2 0 2
27 [1,0,27,0,875,39] Inst SETR 2 3 5
28 [1,0,28,0,875,27] Inst MULR 5 2 5
29 [1,0,29,0,875,756] Inst ADDR 2 5 5
30 [1,0,30,0,875,785] Inst MULR 2 5 5
31 [1,0,31,0,875,23550] Inst MULI 5 14 5
32 [1,0,32,0,875,329700] Inst MULR 5 2 5
33 [1,0,33,0,875,10550400] Inst ADDR 4 5 4
34 [1,0,34,0,10551275,10550400] Inst SETI 0 9 0
35 [0,0,35,0,10551275,10550400] Inst SETI 0 6 2
1 [0,0,1,0,10551275,10550400] Inst SETI 1 1 1
2 [0,1,2,0,10551275,10550400] Inst SETI 1 4 3
3 [0,1,3,1,10551275,10550400] Inst MULR 1 3 5
4 [0,1,4,1,10551275,1] Inst EQRR 5 4 5
5 [0,1,5,1,10551275,0] Inst ADDR 5 2 2
6 [0,1,6,1,10551275,0] Inst ADDI 2 1 2
8 [0,1,8,1,10551275,0] Inst ADDI 3 1 3
9 [0,1,9,2,10551275,0] Inst GTRR 3 4 5
10 [0,1,10,2,10551275,0] Inst ADDR 2 5 2
11 [0,1,11,2,10551275,0] Inst SETI 2 4 2
